$ 1 0.000015625 124.26481670549957 53 5 43 5e-11
t 80 32 128 32 0 1 -1.6813121751962399 0.5856706241304317 100 default
g 128 48 128 64 0 0
c 80 32 32 32 0 1.0000000000000001e-7 0.6551403539512609 0.001
g 48 64 48 112 0 0
c 32 32 -16 32 0 1.0000000000000001e-7 0.030118907310000304 0.001
c -16 32 -64 32 0 1.0000000000000001e-7 -2.3665714364575012 0.001
w 128 16 160 16 0
w 128 -32 128 16 0
w -64 32 -64 -32 0
w -64 -32 128 -32 0
R 176 -64 208 -64 0 0 40 5 0 0 0.5
r 80 32 80 -64 0 200000
174 32 32 48 80 1 10000 0.5 Resistance
g -16 96 -16 112 0 0
r -16 96 -16 32 0 10000
211 160 16 208 16 0 3 8000 1
174 176 -64 96 -64 1 10000 0.41090000000000004 Resistance
w 128 -32 128 -48 0
o 6 8 0 4107 5 0.00009765625 0 2 6 3
