$ 1 0.000005 49.687244006919805 50 5 43 5e-11
t 96 144 144 144 0 1 -0.6591077796396894 0.5475135379219465 100 default
g 144 160 144 176 0 0
c 96 48 48 48 0 1.0000000000000001e-7 1.0336530738034553 0.001
r 48 48 48 96 0 10000
g 48 96 48 112 0 0
c 48 48 0 48 0 1.0000000000000001e-7 0.1284297652263022 0.001
r 0 48 0 96 0 10000
g 0 96 0 112 0 0
c 0 48 -48 48 0 1.0000000000000001e-7 -0.502975059390068 0.001
w 144 128 224 128 0
w 144 48 144 128 0
w 96 48 144 48 0
w -48 48 -48 144 0
w -48 144 96 144 0
r -48 144 -128 144 0 190000
r 144 0 144 -64 0 10000
R 144 -64 144 -96 0 0 40 3 0 0 0.5
w 144 0 144 48 0
w 144 0 -128 0 0
w -128 0 -128 144 0
w 0 48 0 16 0
w 48 48 48 16 0
w 96 48 96 16 0
o 20 64 0 4099 0.625 0.00009765625 0 2 20 3
o 21 64 0 4099 1.25 0.00009765625 1 2 21 3
o 22 64 0 4099 5 0.00009765625 2 2 22 3
