$ 1 0.000005668934240362812 263.0686190299136 66 5 43 5e-11
t -64 688 0 688 0 1 -0.15314925987698846 0.5266386008939206 100 default
w 0 704 0 752 0
g 0 752 0 784 0 0
R 0 528 0 464 0 0 40 3 0 0 0.5
r 0 528 0 592 0 33000
x 56 752 215 755 4 24 npn\stransistor
w 0 592 48 592 0
w 0 672 0 640 0
w -64 592 -288 592 0
w -288 640 -288 688 0
c -224 688 -144 688 0 3.3000000000000004e-8 3.0138837658174963e-13 0.001
c -144 688 -64 688 0 3.3000000000000004e-8 -0.5266386008938103 0.001
r -144 688 -144 752 0 10000
g -144 752 -144 768 0 0
c -224 688 -288 688 0 3.3000000000000004e-8 -0.6797878607704975 0.001
r -224 688 -224 752 0 10000
g -224 752 -224 768 0 0
r -64 592 -64 688 0 220000
x -273 561 -41 564 4 24 phase\sshift\soscillator
w 0 640 0 592 0
w -288 640 -288 592 0
w -64 592 0 592 0
r -352 688 -288 688 0 33000
r -416 624 -496 624 0 100000
211 0 640 64 640 0 10 22050 1
w -496 624 -496 688 0
w -416 688 -416 624 0
g -496 752 -496 768 0 0
c -496 688 -496 752 0 0.000009999999999999999 3.183130557730576 0.001
183 -496 688 -416 688 0 0.5 1.66 3.33 5 0
c -352 688 -416 688 0 1e-8 -4.320212139229618 0.001
o 6 128 0 x8311b 2.9982076390512797 0.0001 0 2 1 0 6 3 0.000049999999999999996 0
