$ 1 0.000015625 382.76258214399064 50 5 43 5e-11
t 96 144 144 144 0 1 -0.085276486522186 0.6064689120441159 100 default
g 144 160 144 176 0 0
c 96 -16 48 -16 0 4.7000000000000004e-8 0.6917455939867688 0.001
g 64 80 64 96 0 0
c 48 -16 0 -16 0 4.7000000000000004e-8 -1.3969846616150013e-7 0.001
c 0 -16 -48 -16 0 4.7000000000000004e-8 -0.6064689677661167 0.001
w 144 128 224 128 0
w 144 -16 144 128 0
w 96 -16 144 -16 0
w -48 -16 -48 144 0
w -48 144 96 144 0
r 144 -64 -128 -64 0 1000
R -144 -112 -144 -144 0 0 40 9 0 0 0.5
w 144 -64 144 -16 0
w 0 -16 0 -48 0
w 48 -16 48 -48 0
w 96 -16 96 -48 0
174 -144 -112 -128 -32 1 10000 0.44060000000000005 Resistance
w -144 -16 -144 144 0
r -48 144 -144 144 0 100000
174 48 -16 64 32 1 10000 0.5990000000000001 Resistance
174 0 -16 16 32 1 10000 0.6287 Resistance
g 16 80 16 96 0 0
r 16 80 16 16 0 1000
r 64 16 64 80 0 1000
211 224 128 272 128 0 3 8000 1
o 6 8 0 4107 2.5 0.00009765625 0 2 6 3
